1077959.0
1077986.0
1077999.0
1078006.0
1119355.0
1883541.0
1922989.0
2294453.0
2336461.0
2551564.0
1077959.0
1077986.0
1077999.0
1078006.0
1883541.0
1922989.0
1942584.0
2294453.0
2336461.0
2551564.0
1077959.0
1077986.0
1077999.0
1078006.0
1883541.0
1922989.0
1942584.0
2294453.0
2336461.0
2551564.0
1077959.0
1077986.0
1077999.0
1078006.0
1883541.0
1922989.0
1942584.0
2294453.0
2336461.0
2551564.0
1077959.0
1077986.0
1077999.0
1078006.0
1883541.0
1922989.0
1942584.0
2294453.0
2336461.0
2551564.0
1077959.0
1077986.0
1077999.0
1078006.0
1883541.0
1922989.0
1942584.0
2294453.0
2336461.0
2551564.0
1077959.0
1077986.0
1077999.0
1078006.0
1078015.0
1922989.0
1942584.0
2294453.0
2336461.0
2551564.0
1077959.0
1077986.0
1077999.0
1078006.0
1883541.0
1922989.0
1942584.0
2294453.0
2336461.0
2551564.0
1077959.0
1077986.0
1077999.0
1078006.0
1078015.0
1922989.0
1942584.0
2294453.0
2336461.0
2551564.0
1077959.0
1077986.0
1077999.0
1078006.0
1883541.0
1922989.0
1942584.0
2294453.0
2336461.0
2551564.0
1077959.0
1077986.0
1077999.0
1078006.0
1078015.0
1922989.0
1942584.0
2294453.0
2336461.0
2551564.0
1077959.0
1077986.0
1077999.0
1078006.0
1078015.0
1922989.0
1942584.0
2294453.0
2336461.0
2551564.0
1077959.0
1077986.0
1077999.0
1078006.0
1078015.0
1922989.0
1942584.0
2294453.0
2336461.0
2551564.0
1077959.0
1077986.0
1077999.0
1078006.0
1078015.0
1922989.0
1942584.0
2294453.0
2336461.0
2551564.0
1077959.0
1077986.0
1077999.0
1078006.0
1078015.0
1922989.0
1942584.0
2294453.0
2336461.0
2551564.0
1077959.0
1077986.0
1077999.0
1078006.0
1078015.0
1922989.0
1942584.0
2294453.0
2336461.0
2551564.0
1077959.0
1077986.0
1077999.0
1078006.0
1078015.0
1922989.0
1942584.0
2294453.0
2336461.0
2551564.0
1077959.0
1077986.0
1077999.0
1078006.0
1078015.0
1922989.0
1942584.0
2294453.0
2336461.0
2551564.0
1077959.0
1077986.0
1077999.0
1078006.0
1078015.0
1922989.0
1942584.0
2294453.0
2336461.0
2551564.0
1077959.0
1077986.0
1077999.0
1078006.0
1078015.0
1922989.0
1942584.0
2294453.0
2336461.0
2551564.0
1077959.0
1077986.0
1077999.0
1078006.0
1078015.0
1922989.0
1942584.0
2294453.0
2336461.0
2551564.0
1077959.0
1077986.0
1077999.0
1078006.0
1078015.0
1922989.0
1942584.0
2294453.0
2336461.0
2551564.0
1077959.0
1077986.0
1077999.0
1078006.0
1883541.0
1922989.0
1942584.0
2294453.0
2336461.0
2551564.0
1077959.0
1077986.0
1077999.0
1078006.0
1078015.0
1922989.0
1942584.0
2294453.0
2336461.0
2551564.0
1077959.0
1077986.0
1077999.0
1078006.0
1883541.0
1922989.0
1942584.0
2294453.0
2336461.0
2551564.0
1077959.0
1077986.0
1077999.0
1078006.0
1078015.0
1922989.0
1942584.0
2294453.0
2336461.0
2551564.0
1077959.0
1077986.0
1077999.0
1078006.0
1883541.0
1922989.0
1942584.0
2294453.0
2336461.0
2551564.0
1077959.0
1077986.0
1077999.0
1078006.0
1883541.0
1922989.0
1942584.0
2294453.0
2336461.0
2551564.0
1077959.0
1077986.0
1077999.0
1078006.0
1119355.0
1883541.0
1922989.0
2294453.0
2336461.0
2551564.0
1077959.0
1077986.0
1077999.0
1078006.0
1883541.0
1922989.0
1942584.0
2294453.0
2336461.0
2551564.0
1077959.0
1077986.0
1077999.0
1078006.0
1119355.0
1883541.0
1922989.0
2294453.0
2336461.0
2551723.0
1077959.0
1077986.0
1077999.0
1078006.0
1119355.0
1883541.0
1922989.0
2294453.0
2336461.0
2551723.0
1077959.0
1077986.0
1077999.0
1078006.0
1119355.0
1883541.0
1922989.0
2294453.0
2336461.0
2551723.0
1077959.0
1077986.0
1077999.0
1078006.0
1119355.0
1883541.0
1922989.0
2294453.0
2336461.0
2551723.0
1077959.0
1077986.0
1077999.0
1078006.0
1078015.0
1119355.0
1883541.0
2294453.0
2336461.0
2551723.0
1077959.0
1077986.0
1077999.0
1078006.0
1119355.0
1883541.0
1922989.0
2294453.0
2336461.0
2551723.0
1077959.0
1077986.0
1077999.0
1078006.0
1078015.0
1119355.0
1883541.0
1922989.0
2294453.0
2336461.0
1077959.0
1077986.0
1077999.0
1078006.0
1119355.0
1883541.0
1922989.0
2294453.0
2336461.0
2551564.0
1077959.0
1077986.0
1077999.0
1078006.0
1119355.0
1883541.0
1922989.0
2294453.0
2336461.0
2551723.0
1077959.0
1077986.0
1077999.0
1078006.0
1119355.0
1883541.0
1922989.0
2294453.0
2336461.0
2551723.0
1077959.0
1077986.0
1077999.0
1078006.0
1119355.0
1883541.0
2294453.0
2336461.0
2336462.0
2551723.0
1077959.0
1077986.0
1077999.0
1078006.0
1119355.0
1883541.0
2294453.0
2336461.0
2336462.0
2551723.0
1077959.0
1077986.0
1077999.0
1078006.0
1119355.0
1883541.0
2294453.0
2336461.0
2336462.0
2551723.0
1077959.0
1077986.0
1077999.0
1078006.0
1078015.0
1119355.0
1883541.0
2294453.0
2336461.0
2551723.0
1077959.0
1077986.0
1077999.0
1078006.0
1119355.0
1883541.0
2294453.0
2336461.0
2336462.0
2551723.0
1077959.0
1077986.0
1077999.0
1078006.0
1119355.0
1883541.0
2294453.0
2336461.0
2336462.0
2551723.0
1077959.0
1077986.0
1077999.0
1078006.0
1119355.0
1883541.0
2294453.0
2336461.0
2336462.0
2551723.0
1077959.0
1077986.0
1077999.0
1078006.0
1119355.0
1883541.0
2294453.0
2336461.0
2336462.0
2551723.0
1077959.0
1077986.0
1077999.0
1078006.0
1119355.0
1883541.0
2294453.0
2336461.0
2336462.0
2551723.0
1077959.0
1077986.0
1077999.0
1078006.0
1119355.0
1883541.0
2294453.0
2336461.0
2336462.0
2551723.0
1077959.0
1077986.0
1077999.0
1078006.0
1119355.0
1883541.0
1922989.0
2294453.0
2336461.0
2551723.0
1077959.0
1077986.0
1077999.0
1078006.0
1119355.0
1883541.0
1922989.0
2294453.0
2336461.0
2551723.0
1077959.0
1077986.0
1077999.0
1078006.0
1119355.0
1883541.0
2294453.0
2336461.0
2336462.0
2551723.0
1077959.0
1077986.0
1077999.0
1078006.0
1119355.0
1883541.0
2294453.0
2336461.0
2336462.0
2551723.0
1077959.0
1077986.0
1077999.0
1078006.0
1119355.0
1883541.0
2294453.0
2336461.0
2336462.0
2551723.0
1077959.0
1077986.0
1077999.0
1078006.0
1119355.0
1883541.0
1922989.0
2294453.0
2336461.0
2551723.0
1077959.0
1077986.0
1077999.0
1078006.0
1119355.0
1883541.0
1922989.0
2294453.0
2336461.0
2551723.0
1077959.0
1077986.0
1077999.0
1078006.0
1119355.0
1883541.0
1922989.0
2294453.0
2336461.0
2551723.0
1077959.0
1077986.0
1077999.0
1078006.0
1119355.0
1883541.0
1922989.0
2294453.0
2336461.0
2551564.0
1077959.0
1077986.0
1077999.0
1078006.0
1883541.0
1922989.0
1942584.0
2294453.0
2336461.0
2551564.0
1077959.0
1077986.0
1077999.0
1078006.0
1883541.0
1922989.0
1942584.0
2294453.0
2336461.0
2551564.0
1077959.0
1077986.0
1077999.0
1078006.0
1078015.0
1883541.0
1922989.0
2294453.0
2336461.0
2551564.0
1077959.0
1077986.0
1077999.0
1078006.0
1883541.0
1922989.0
1942584.0
2294453.0
2336461.0
2551564.0
1077959.0
1077986.0
1077999.0
1078006.0
1883541.0
1922989.0
1942584.0
2294453.0
2336461.0
2551564.0
1077959.0
1077986.0
1077999.0
1078006.0
1078015.0
1922989.0
1942584.0
2294453.0
2336461.0
2551564.0
1077959.0
1077986.0
1077999.0
1078006.0
1078015.0
1922989.0
1942584.0
2294453.0
2336461.0
2551564.0
1077959.0
1077986.0
1077999.0
1078006.0
1078015.0
1922989.0
1942584.0
2294453.0
2336461.0
2551564.0
1077959.0
1077986.0
1077999.0
1078006.0
1078015.0
1922989.0
1942584.0
2294453.0
2336461.0
2551564.0
1077959.0
1077986.0
1077999.0
1078006.0
1883541.0
1922989.0
1942584.0
2294453.0
2336461.0
2551564.0
1077959.0
1077986.0
1077999.0
1078006.0
1078015.0
1922989.0
1942584.0
2294453.0
2336461.0
2551564.0
1077959.0
1077986.0
1077999.0
1078006.0
1119355.0
1922989.0
2294453.0
2336461.0
2551564.0
2551723.0
1077959.0
1077986.0
1077999.0
1078006.0
1078015.0
1922989.0
1942584.0
2294453.0
2336461.0
2551564.0
1077959.0
1077986.0
1077999.0
1078006.0
1078015.0
1922989.0
1942584.0
2294453.0
2336461.0
2551564.0
1077959.0
1077986.0
1077999.0
1078006.0
1078015.0
1922989.0
1942584.0
2294453.0
2336461.0
2551564.0
1922989.0
1942584.0
2336462.0
2444598.0
2551564.0
2551723.0
2653580.0
2779607.0
3073670.0
3549713.0
1077959.0
1077986.0
1078006.0
1078015.0
1922989.0
1942584.0
2294453.0
2336461.0
2336462.0
2653580.0
1077959.0
1077986.0
1077999.0
1078006.0
1883541.0
1922989.0
1942584.0
2294453.0
2336461.0
2551564.0
1077959.0
1077986.0
1077999.0
1078006.0
1078015.0
1922989.0
1942584.0
2294453.0
2336461.0
2551564.0
1077959.0
1077986.0
1077999.0
1078006.0
1078015.0
1922989.0
1942584.0
2294453.0
2336461.0
2551564.0
1077959.0
1077986.0
1077999.0
1078006.0
1883541.0
1922989.0
1942584.0
2294453.0
2336461.0
2551564.0
1077959.0
1077986.0
1077999.0
1078006.0
1078015.0
1922989.0
1942584.0
2294453.0
2336461.0
2551564.0
1077959.0
1077986.0
1077999.0
1078006.0
1883541.0
1922989.0
1942584.0
2294453.0
2336461.0
2551564.0
1077959.0
1077986.0
1077999.0
1078006.0
1078015.0
1922989.0
1942584.0
2294453.0
2336461.0
2551564.0
1077959.0
1077986.0
1077999.0
1078006.0
1883541.0
1922989.0
1942584.0
2294453.0
2336461.0
2551564.0
1077959.0
1077986.0
1077999.0
1078006.0
1883541.0
1922989.0
1942584.0
2294453.0
2336461.0
2551564.0
1077959.0
1077986.0
1077999.0
1078006.0
1883541.0
1922989.0
1942584.0
2294453.0
2336461.0
2551564.0
1077959.0
1077986.0
1077999.0
1078006.0
1883541.0
1922989.0
1942584.0
2294453.0
2336461.0
2551564.0
