1077959.0
1077986.0
1077999.0
1078006.0
1119355.0
1910545.0
1922989.0
1959878.0
2294453.0
2467800.0
1077959.0
1077986.0
1077999.0
1078006.0
1119355.0
1910545.0
1922989.0
1959878.0
2294453.0
2467800.0
1077959.0
1077986.0
1077999.0
1078006.0
1119355.0
1910545.0
1922989.0
1959878.0
2294453.0
2467800.0
1077959.0
1077986.0
1077999.0
1078006.0
1119355.0
1910545.0
1922989.0
1959878.0
2294453.0
2467800.0
1077959.0
1077986.0
1077999.0
1078006.0
1119355.0
1910545.0
1922989.0
1959878.0
2294453.0
2467800.0
1077959.0
1077986.0
1077999.0
1078006.0
1119355.0
1910545.0
1922989.0
1959878.0
2294453.0
2467800.0
1077959.0
1077986.0
1077999.0
1078006.0
1119355.0
1910545.0
1922989.0
1959878.0
2294453.0
2467800.0
1077959.0
1077986.0
1077999.0
1078006.0
1119355.0
1910545.0
1922989.0
1959878.0
2294453.0
2467800.0
1077959.0
1077986.0
1077999.0
1078006.0
1119355.0
1910545.0
1922989.0
1959878.0
2294453.0
2467800.0
1077959.0
1077986.0
1077999.0
1078006.0
1119355.0
1910545.0
1922989.0
1959878.0
2294453.0
2467800.0
1077959.0
1077986.0
1077999.0
1078006.0
1119355.0
1910545.0
1922989.0
1959878.0
2294453.0
2467800.0
1077959.0
1077986.0
1077999.0
1078006.0
1119355.0
1910545.0
1922989.0
1959878.0
2294453.0
2467800.0
1077959.0
1077986.0
1077999.0
1078006.0
1119355.0
1910545.0
1922989.0
1959878.0
2294453.0
2467800.0
1077959.0
1077986.0
1077999.0
1078006.0
1119355.0
1910545.0
1922989.0
1959878.0
2294453.0
2467800.0
1077959.0
1077986.0
1077999.0
1078006.0
1119355.0
1910545.0
1922989.0
1959878.0
2294453.0
2467800.0
1077959.0
1077986.0
1077999.0
1078006.0
1119355.0
1910545.0
1922989.0
1959878.0
2294453.0
2467800.0
1077959.0
1077986.0
1077999.0
1078006.0
1119355.0
1910545.0
1922989.0
1959878.0
2294453.0
2467800.0
1077959.0
1077986.0
1077999.0
1078006.0
1119355.0
1910545.0
1922989.0
1959878.0
2294453.0
2467800.0
1077959.0
1077986.0
1077999.0
1078006.0
1119355.0
1910545.0
1922989.0
1959878.0
2294453.0
2467800.0
1077959.0
1077986.0
1077999.0
1078006.0
1119355.0
1910545.0
1922989.0
1959878.0
2294453.0
2467800.0
1077959.0
1077986.0
1077999.0
1078006.0
1119355.0
1910545.0
1922989.0
1959878.0
2294453.0
2467800.0
1077959.0
1077986.0
1077999.0
1078006.0
1119355.0
1910545.0
1922989.0
1959878.0
2294453.0
2467800.0
1077959.0
1077986.0
1077999.0
1078006.0
1119355.0
1910545.0
1922989.0
1959878.0
2294453.0
2467800.0
1077959.0
1077986.0
1077999.0
1078006.0
1119355.0
1910545.0
1922989.0
1959878.0
2294453.0
2467800.0
1077959.0
1077986.0
1077999.0
1078006.0
1119355.0
1910545.0
1922989.0
1959878.0
2294453.0
2467800.0
1077959.0
1077986.0
1077999.0
1078006.0
1119355.0
1910545.0
1922989.0
1959878.0
2294453.0
2467800.0
1077959.0
1077986.0
1077999.0
1078006.0
1119355.0
1910545.0
1922989.0
1959878.0
2294453.0
2467800.0
1077959.0
1077986.0
1077999.0
1078006.0
1119355.0
1910545.0
1922989.0
1959878.0
2294453.0
2467800.0
1077959.0
1077986.0
1077999.0
1078006.0
1119355.0
1910545.0
1922989.0
1959878.0
2294453.0
2467800.0
1077959.0
1077986.0
1077999.0
1078006.0
1119355.0
1910545.0
1922989.0
1959878.0
2294453.0
2467800.0
1077959.0
1077986.0
1077999.0
1078006.0
1119355.0
1910545.0
1922989.0
2294453.0
2336461.0
2467800.0
1077959.0
1077986.0
1077999.0
1078006.0
1119355.0
1910545.0
1922989.0
1959878.0
2294453.0
2467800.0
1077959.0
1077986.0
1077999.0
1078006.0
1119355.0
1910545.0
1922989.0
2294453.0
2336461.0
2467800.0
1077959.0
1077986.0
1077999.0
1078006.0
1119355.0
1910545.0
1922989.0
2294453.0
2336461.0
2467800.0
1077959.0
1077986.0
1077999.0
1078006.0
1119355.0
1910545.0
1922989.0
2294453.0
2336461.0
2467800.0
1077959.0
1077986.0
1077999.0
1078006.0
1119355.0
1910545.0
1922989.0
2294453.0
2467800.0
2578669.0
1077959.0
1077986.0
1077999.0
1078006.0
1119355.0
1910545.0
1922989.0
1959878.0
2294453.0
2467800.0
1077959.0
1077986.0
1077999.0
1078006.0
1119355.0
1910545.0
1922989.0
2294453.0
2336461.0
2467800.0
1077959.0
1077986.0
1077999.0
1078006.0
1119355.0
1910545.0
1922989.0
2294453.0
2336461.0
2467800.0
1077959.0
1077986.0
1077999.0
1078006.0
1119355.0
1910545.0
1922989.0
2294453.0
2336461.0
2467800.0
1077959.0
1077986.0
1077999.0
1078006.0
1119355.0
1910545.0
1922989.0
2294453.0
2336461.0
2467800.0
1077959.0
1077986.0
1077999.0
1078006.0
1119355.0
1910545.0
1922989.0
2294453.0
2336461.0
2467800.0
1077959.0
1077986.0
1077999.0
1078006.0
1119355.0
1910545.0
1922989.0
2294453.0
2336461.0
2467800.0
1077959.0
1077986.0
1077999.0
1078006.0
1119355.0
1910545.0
1922989.0
1959878.0
2294453.0
2467800.0
1077959.0
1077986.0
1077999.0
1078006.0
1119355.0
1910545.0
1922989.0
2294453.0
2467800.0
2578669.0
1077959.0
1077986.0
1077999.0
1078006.0
1119355.0
1910545.0
1922989.0
2294453.0
2336461.0
2467800.0
1077959.0
1077986.0
1077999.0
1078006.0
1119355.0
1910545.0
1922989.0
2294453.0
2467800.0
2578669.0
1077959.0
1077986.0
1077999.0
1078006.0
1119355.0
1910545.0
1922989.0
1959878.0
2294453.0
2467800.0
1077959.0
1077986.0
1077999.0
1078006.0
1119355.0
1910545.0
1922989.0
2294453.0
2467800.0
2578669.0
1077959.0
1077986.0
1077999.0
1078006.0
1119355.0
1910545.0
1922989.0
2294453.0
2467800.0
2578669.0
1077959.0
1077986.0
1077999.0
1078006.0
1119355.0
1910545.0
1922989.0
2294453.0
2467800.0
2578669.0
1077959.0
1077986.0
1077999.0
1078006.0
1119355.0
1910545.0
1922989.0
2294453.0
2336461.0
2467800.0
1077959.0
1077986.0
1077999.0
1078006.0
1119355.0
1910545.0
1922989.0
2294453.0
2467800.0
2578669.0
1077959.0
1077986.0
1077999.0
1078006.0
1119355.0
1910545.0
1922989.0
2294453.0
2336461.0
2467800.0
1077959.0
1077986.0
1077999.0
1078006.0
1119355.0
1910545.0
1922989.0
2294453.0
2467800.0
2578669.0
1077959.0
1077986.0
1077999.0
1078006.0
1119355.0
1910545.0
1922989.0
2294453.0
2336461.0
2467800.0
1077959.0
1077986.0
1077999.0
1078006.0
1119355.0
1910545.0
1922989.0
2294453.0
2336461.0
2467800.0
1077959.0
1077986.0
1077999.0
1078006.0
1119355.0
1910545.0
1922989.0
1959878.0
2294453.0
2467800.0
1077959.0
1077986.0
1077999.0
1078006.0
1119355.0
1910545.0
1922989.0
1959878.0
2294453.0
2467800.0
1077959.0
1077986.0
1077999.0
1078006.0
1119355.0
1910545.0
1922989.0
1959878.0
2294453.0
2467800.0
1077959.0
1077986.0
1077999.0
1078006.0
1119355.0
1910545.0
1922989.0
1959878.0
2294453.0
2467800.0
1077959.0
1077986.0
1077999.0
1078006.0
1119355.0
1910545.0
1922989.0
1959878.0
2294453.0
2467800.0
1077959.0
1077986.0
1077999.0
1078006.0
1119355.0
1910545.0
1922989.0
1959878.0
2294453.0
2467800.0
1077959.0
1077986.0
1077999.0
1078006.0
1119355.0
1910545.0
1922989.0
1959878.0
2294453.0
2467800.0
1077959.0
1077986.0
1077999.0
1078006.0
1119355.0
1910545.0
1922989.0
1959878.0
2294453.0
2467800.0
1077959.0
1077986.0
1077999.0
1078006.0
1119355.0
1910545.0
1922989.0
1959878.0
2294453.0
2467800.0
1077959.0
1077986.0
1077999.0
1078006.0
1119355.0
1910545.0
1922989.0
1959878.0
2294453.0
2467800.0
1077959.0
1077986.0
1077999.0
1078006.0
1119355.0
1910545.0
1922989.0
1959878.0
2294453.0
2467800.0
1077959.0
1077986.0
1077999.0
1078006.0
1119355.0
1910545.0
1922989.0
1959878.0
2294453.0
2467800.0
1077959.0
1077986.0
1077999.0
1078006.0
1119355.0
1910545.0
1922989.0
1959878.0
2294453.0
2467800.0
1077959.0
1077986.0
1077999.0
1078006.0
1209843.0
1910545.0
2294453.0
2467800.0
2551659.0
2578669.0
1077959.0
1077986.0
1077999.0
1078006.0
1119355.0
1910545.0
1922989.0
1959878.0
2294453.0
2467800.0
1077959.0
1077986.0
1077999.0
1078006.0
1119355.0
1910545.0
1922989.0
1959878.0
2294453.0
2467800.0
1077959.0
1077986.0
1077999.0
1078006.0
1119355.0
1910545.0
1922989.0
1959878.0
2294453.0
2467800.0
1077986.0
1077999.0
1078006.0
1209843.0
1974650.0
