1077959.0
1077986.0
1077999.0
1078006.0
1119127.0
1830694.0
2130427.0
2294453.0
2551564.0
3048814.0
1077959.0
1077986.0
1077999.0
1078006.0
1119127.0
1830694.0
2130427.0
2294453.0
2551564.0
3048814.0
1077959.0
1077986.0
1077999.0
1078006.0
1119127.0
1830694.0
2130427.0
2294453.0
2551564.0
3048814.0
1077959.0
1077986.0
1077999.0
1078006.0
1119127.0
1830694.0
2130427.0
2294453.0
2551564.0
3048814.0
1077959.0
1077986.0
1077999.0
1078006.0
1119127.0
1830694.0
2130427.0
2294453.0
2551564.0
3048814.0
1077959.0
1077986.0
1077999.0
1078006.0
1119127.0
1830694.0
2130427.0
2294453.0
2551564.0
3048814.0
1077959.0
1077986.0
1077999.0
1078006.0
1119127.0
1830694.0
2130427.0
2294453.0
2551564.0
3048814.0
1077959.0
1077986.0
1077999.0
1078006.0
1119127.0
1830694.0
2130427.0
2294453.0
2551564.0
3048814.0
1077959.0
1077986.0
1077999.0
1078006.0
1119127.0
1830694.0
2130427.0
2294453.0
2551564.0
3048814.0
1077959.0
1077986.0
1077999.0
1078006.0
1119127.0
1830694.0
2130427.0
2294453.0
2551564.0
3048814.0
1077959.0
1077986.0
1077999.0
1078006.0
1119127.0
1830694.0
2130427.0
2294453.0
2551564.0
3048814.0
1077959.0
1077986.0
1077999.0
1078006.0
1119127.0
1830694.0
2130427.0
2294453.0
2551564.0
3048814.0
1077959.0
1077986.0
1077999.0
1078006.0
1119127.0
1830694.0
2130427.0
2294453.0
2551564.0
3048814.0
1077959.0
1077986.0
1077999.0
1078006.0
1119127.0
1830694.0
2130427.0
2294453.0
2551564.0
3048814.0
1077959.0
1077986.0
1077999.0
1078006.0
1119127.0
1830694.0
2130427.0
2294453.0
2551564.0
3048814.0
1077959.0
1077986.0
1077999.0
1078006.0
1119127.0
1830694.0
2130427.0
2294453.0
2551564.0
3048814.0
1077959.0
1077986.0
1077999.0
1078006.0
1394346.0
1830694.0
2130427.0
2294453.0
2551564.0
3048814.0
1077959.0
1077986.0
1077999.0
1078006.0
1119127.0
1830694.0
2130427.0
2294453.0
2551564.0
3048814.0
1077959.0
1077986.0
1077999.0
1078006.0
1119127.0
1830694.0
2130427.0
2294453.0
2551564.0
3048814.0
1077959.0
1077986.0
1077999.0
1078006.0
1119127.0
1830694.0
2130427.0
2294453.0
2551564.0
3048814.0
1077959.0
1077986.0
1077999.0
1078006.0
1119127.0
1830694.0
2130427.0
2294453.0
2551564.0
3048814.0
1077959.0
1077986.0
1077999.0
1078006.0
1119127.0
1830694.0
2130427.0
2294453.0
2551564.0
3048814.0
1077959.0
1077986.0
1077999.0
1078006.0
1119127.0
1830694.0
2130427.0
2294453.0
2551564.0
3048814.0
1077959.0
1077986.0
1077999.0
1078006.0
1119127.0
1830694.0
2130427.0
2294453.0
2551564.0
3048814.0
1077959.0
1077986.0
1077999.0
1078006.0
1119127.0
1830694.0
2130427.0
2294453.0
2551564.0
3048814.0
1077959.0
1077986.0
1077999.0
1078006.0
1119127.0
1830694.0
2130427.0
2294453.0
2551564.0
3048814.0
1077959.0
1077986.0
1077999.0
1078006.0
1119127.0
1830694.0
2130427.0
2294453.0
2551564.0
3048814.0
1077959.0
1077986.0
1077999.0
1078006.0
1119127.0
1830694.0
2130427.0
2294453.0
2551564.0
3048814.0
1077959.0
1077986.0
1077999.0
1078006.0
1119127.0
1830694.0
2130427.0
2294453.0
2551564.0
3048814.0
1077959.0
1077986.0
1077999.0
1078006.0
1119127.0
1830694.0
2130427.0
2294453.0
2551564.0
3048814.0
1077959.0
1077986.0
1077999.0
1078006.0
1119127.0
1830694.0
2130427.0
2294453.0
2551564.0
3048814.0
1077959.0
1077986.0
1077999.0
1078006.0
1119127.0
1830694.0
2130427.0
2294453.0
2551564.0
3048814.0
1077959.0
1077986.0
1077999.0
1078006.0
1119127.0
1830694.0
2130427.0
2294453.0
2551564.0
3048814.0
1077959.0
1077986.0
1077999.0
1078006.0
1119127.0
1830694.0
2130427.0
2294453.0
2551564.0
3048814.0
1077959.0
1077986.0
1077999.0
1078006.0
1119127.0
1830694.0
2130427.0
2294453.0
2551564.0
3048814.0
1077959.0
1077986.0
1077999.0
1078006.0
1119127.0
1830694.0
2130427.0
2294453.0
2551564.0
3048814.0
1077959.0
1077986.0
1077999.0
1078006.0
1119127.0
1830694.0
2130427.0
2294453.0
2551564.0
3048814.0
1077959.0
1077986.0
1077999.0
1078006.0
1119127.0
1830694.0
2130427.0
2294453.0
2551564.0
3048814.0
1077959.0
1077986.0
1077999.0
1078006.0
1119127.0
1830694.0
2130427.0
2294453.0
2551564.0
3048814.0
1077959.0
1077986.0
1077999.0
1078006.0
1119127.0
1830694.0
2130427.0
2294453.0
2551564.0
3048814.0
1077959.0
1077986.0
1077999.0
1078006.0
1119127.0
1830694.0
2130427.0
2294453.0
2551564.0
3048814.0
1077959.0
1077986.0
1077999.0
1078006.0
1119127.0
1830694.0
2130427.0
2294453.0
2551564.0
3048814.0
1077959.0
1077986.0
1077999.0
1078006.0
1119127.0
1830694.0
2130427.0
2294453.0
2551564.0
3048814.0
1077959.0
1077986.0
1077999.0
1078006.0
1119127.0
1830694.0
2130427.0
2294453.0
2551564.0
3048814.0
1077959.0
1077986.0
1077999.0
1078006.0
1119127.0
1830694.0
2130427.0
2294453.0
2551564.0
3048814.0
1077959.0
1077986.0
1077999.0
1078006.0
1119127.0
1830694.0
2130427.0
2294453.0
2551564.0
3048814.0
1077959.0
1077986.0
1077999.0
1078006.0
1119127.0
1830694.0
2130427.0
2294453.0
2551564.0
3048814.0
1077959.0
1077986.0
1077999.0
1078006.0
1119127.0
1830694.0
2130427.0
2294453.0
2551564.0
3048814.0
1077959.0
1077986.0
1077999.0
1078006.0
1119127.0
1830694.0
2130427.0
2294453.0
2551564.0
3048814.0
1077959.0
1077986.0
1077999.0
1078006.0
1119127.0
1830694.0
2130427.0
2294453.0
2551564.0
3048814.0
1077959.0
1077986.0
1077999.0
1078006.0
1119127.0
1830694.0
2130427.0
2294453.0
2551564.0
3048814.0
1077959.0
1077986.0
1077999.0
1078006.0
1119127.0
1830694.0
2130427.0
2294453.0
2551564.0
3048814.0
1077959.0
1077986.0
1077999.0
1078006.0
1119127.0
1830694.0
2130427.0
2294453.0
2551564.0
3048814.0
1077959.0
1077986.0
1077999.0
1078006.0
1119127.0
1830694.0
2130427.0
2294453.0
2551564.0
3048814.0
1077959.0
1077986.0
1077999.0
1078006.0
1119127.0
1830694.0
2130427.0
2294453.0
2551564.0
3048814.0
1077959.0
1077986.0
1077999.0
1078006.0
1119127.0
1830694.0
2130427.0
2294453.0
2551564.0
3048814.0
1077959.0
1077986.0
1077999.0
1078006.0
1119127.0
1830694.0
2130427.0
2294453.0
2551564.0
3048814.0
1077959.0
1077986.0
1077999.0
1078006.0
1119127.0
1830694.0
2130427.0
2294453.0
2551564.0
3048814.0
1077959.0
1077986.0
1077999.0
1078006.0
1119127.0
1830694.0
2130427.0
2294453.0
2551564.0
3048814.0
1077959.0
1077986.0
1077999.0
1078006.0
1119127.0
1830694.0
2130427.0
2294453.0
2551564.0
3048814.0
1077959.0
1077986.0
1077999.0
1078006.0
1119127.0
1830694.0
2130427.0
2294453.0
2551564.0
3048814.0
1077959.0
1077986.0
1077999.0
1078006.0
1119127.0
1830694.0
2130427.0
2294453.0
2551564.0
3048814.0
1077959.0
1077986.0
1077999.0
1078006.0
1119127.0
1830694.0
2130427.0
2294453.0
2551564.0
3048814.0
1077959.0
1077986.0
1077999.0
1078006.0
1119127.0
1830694.0
2130427.0
2294453.0
2551564.0
3048814.0
1077959.0
1077986.0
1077999.0
1078006.0
1119127.0
1830694.0
2130427.0
2294453.0
2551564.0
3048814.0
1077959.0
1077986.0
1077999.0
1078006.0
1119127.0
1830694.0
2130427.0
2294453.0
2551564.0
3048814.0
1077959.0
1077986.0
1077999.0
1078006.0
1119127.0
1830694.0
2130427.0
2294453.0
2551564.0
3048814.0
1077959.0
1077986.0
1077999.0
1078006.0
1119127.0
1830694.0
2130427.0
2294453.0
2551564.0
3048814.0
1077959.0
1077986.0
1077999.0
1078006.0
1119127.0
1830694.0
2130427.0
2294453.0
2551564.0
3048814.0
1077959.0
1077986.0
1077999.0
1078006.0
1119127.0
1830694.0
2130427.0
2294453.0
2551564.0
3048814.0
1077959.0
1077986.0
1077999.0
1078006.0
1119127.0
1830694.0
2130427.0
2294453.0
2551564.0
3048814.0
1077959.0
1077999.0
1119212.0
1830694.0
2130427.0
2551564.0
2551723.0
2800368.0
2896323.0
3048814.0
1077959.0
1077986.0
1077999.0
1078006.0
1394346.0
1830694.0
2130427.0
2294453.0
2551564.0
3048814.0
1077959.0
1077986.0
1077999.0
1078006.0
1119127.0
1830694.0
2130427.0
2294453.0
2551564.0
3048814.0
1077959.0
1077986.0
1077999.0
1078006.0
1119127.0
1830694.0
2130427.0
2294453.0
2551564.0
3048814.0
1077999.0
1119212.0
1830694.0
2676877.0
2779607.0
2800368.0
2896323.0
2918625.0
3707586.0
4116197.0
1077986.0
1830694.0
2294453.0
2383404.0
2551659.0
2551678.0
2676877.0
2800368.0
2823391.0
4116197.0
1077959.0
1077986.0
1077999.0
1078006.0
1394346.0
1830694.0
2130427.0
2294453.0
2551564.0
3048814.0
1077959.0
1077986.0
1077999.0
1078006.0
1119127.0
1830694.0
2130427.0
2294453.0
2551564.0
3048814.0
1077959.0
1077986.0
1077999.0
1078006.0
1119127.0
1830694.0
2130427.0
2294453.0
2551564.0
3048814.0
1077959.0
1077986.0
1077999.0
1078006.0
1119127.0
1830694.0
2130427.0
2294453.0
2551564.0
3048814.0
1077959.0
1077986.0
1077999.0
1078006.0
1119127.0
1830694.0
2130427.0
2294453.0
2551564.0
3048814.0
1077959.0
1077986.0
1077999.0
1078006.0
1119127.0
1830694.0
2130427.0
2294453.0
2551564.0
3048814.0
1077959.0
1077986.0
1077999.0
1078006.0
1119127.0
1830694.0
2130427.0
2294453.0
2551564.0
3048814.0
1077959.0
1077986.0
1077999.0
1078006.0
1119127.0
1830694.0
2130427.0
2294453.0
2551564.0
3048814.0
1077959.0
1077986.0
1077999.0
1078006.0
1119127.0
1830694.0
2130427.0
2294453.0
2551564.0
3048814.0
1077959.0
1077986.0
1077999.0
1078006.0
1119127.0
1830694.0
2130427.0
2294453.0
2551564.0
3048814.0
