1077986.0
1078006.0
1119127.0
1830694.0
1883541.0
1942485.0
2294453.0
2336461.0
2490198.0
3048814.0
1077986.0
1119127.0
1830694.0
1883541.0
1942485.0
2294453.0
2336461.0
2490198.0
2551564.0
3048814.0
1077986.0
1119127.0
1830694.0
1883541.0
1942485.0
2294453.0
2336461.0
2490198.0
2551564.0
3048814.0
1077986.0
1119127.0
1830694.0
1883541.0
1942485.0
2294453.0
2336461.0
2490198.0
2551564.0
3048814.0
1077986.0
1119127.0
1830694.0
1883541.0
1942485.0
2294453.0
2336461.0
2490198.0
2551564.0
3048814.0
1077986.0
1119127.0
1830694.0
1883541.0
1942485.0
2294453.0
2336461.0
2490198.0
2551564.0
3048814.0
1077986.0
1119127.0
1830694.0
1883541.0
1942485.0
2294453.0
2336461.0
2490198.0
2551564.0
3048814.0
1077986.0
1119127.0
1830694.0
1883541.0
1942485.0
2294453.0
2336461.0
2490198.0
2551564.0
3048814.0
1077986.0
1119127.0
1830694.0
1883541.0
1942485.0
2294453.0
2336461.0
2490198.0
2551564.0
3048814.0
1077986.0
1119127.0
1830694.0
1883541.0
1942485.0
2294453.0
2336461.0
2490198.0
3048814.0
3837188.0
1077986.0
1119127.0
1830694.0
1883541.0
1942485.0
2294453.0
2336461.0
2490198.0
2551564.0
3048814.0
1077986.0
1119127.0
1830694.0
1883541.0
1942485.0
2294453.0
2336461.0
2490198.0
2551564.0
3048814.0
1077986.0
1078006.0
1119127.0
1394346.0
1830694.0
1942485.0
2294453.0
2336461.0
3048814.0
3837188.0
1077986.0
1078006.0
1119127.0
1394346.0
1830694.0
1942485.0
2294453.0
2336461.0
3048814.0
3837188.0
1077986.0
1119127.0
1830694.0
1883541.0
1942485.0
2294453.0
2336461.0
2490198.0
2551564.0
3048814.0
1077986.0
1119127.0
1830694.0
1883541.0
1942485.0
2294453.0
2336461.0
2490198.0
2551564.0
3048814.0
1077986.0
1078006.0
1394346.0
1830694.0
1942485.0
2294453.0
3048814.0
3549713.0
3691450.0
3837188.0
1077986.0
1119127.0
1830694.0
1883541.0
1942485.0
2294453.0
2336461.0
2490198.0
2551564.0
3048814.0
1077986.0
1119127.0
1830694.0
1883541.0
1942485.0
2294453.0
2336461.0
2490198.0
2551564.0
3048814.0
1077986.0
1078006.0
1119127.0
1394346.0
1830694.0
1942485.0
2294453.0
2336461.0
3048814.0
3837188.0
1077986.0
1119127.0
1830694.0
1883541.0
1942485.0
2294453.0
2336461.0
2490198.0
2551564.0
3048814.0
1077986.0
1119127.0
1830694.0
1883541.0
1942485.0
2294453.0
2336461.0
2490198.0
2551564.0
3048814.0
1077986.0
1119127.0
1830694.0
1883541.0
1942485.0
2294453.0
2336461.0
2490198.0
2551564.0
3048814.0
1077986.0
1119127.0
1830694.0
1883541.0
1942485.0
2294453.0
2336461.0
2490198.0
2551564.0
3048814.0
1077986.0
1119127.0
1830694.0
1883541.0
1942485.0
2294453.0
2336461.0
2490198.0
2551564.0
3048814.0
1077986.0
1119127.0
1830694.0
1883541.0
1942485.0
2294453.0
2336461.0
2490198.0
2551564.0
3048814.0
1077986.0
1119127.0
1830694.0
1883541.0
1942485.0
2294453.0
2336461.0
2490198.0
2551564.0
3048814.0
1077986.0
1078006.0
1119127.0
1830694.0
1883541.0
1942485.0
2294453.0
2336461.0
2551564.0
3048814.0
1077986.0
1119127.0
1830694.0
1883541.0
1942485.0
2294453.0
2336461.0
2490198.0
2551564.0
3048814.0
1077986.0
1119127.0
1830694.0
1883541.0
1942485.0
2294453.0
2336461.0
2490198.0
2551564.0
3048814.0
1077986.0
1078006.0
1830694.0
1883541.0
1942485.0
2130427.0
2294453.0
2336461.0
2551564.0
3048814.0
1077986.0
1078006.0
1830694.0
1883541.0
1942485.0
2130427.0
2294453.0
2336461.0
2551564.0
3048814.0
1077986.0
1078006.0
1119127.0
1830694.0
1883541.0
1942485.0
2294453.0
2336461.0
2490198.0
3048814.0
1077986.0
1078006.0
1830694.0
1883541.0
1942485.0
2130427.0
2294453.0
2336461.0
2551564.0
3048814.0
1077986.0
1078006.0
1830694.0
1883541.0
1942485.0
2130427.0
2294453.0
2336461.0
2551564.0
3048814.0
1077986.0
1078006.0
1119127.0
1830694.0
1883541.0
1942485.0
2294453.0
2336461.0
2490198.0
3048814.0
1077986.0
1077999.0
1078006.0
1883541.0
1942485.0
2130427.0
2294453.0
2336461.0
2551564.0
2551723.0
1077986.0
1078006.0
1119127.0
1830694.0
1883541.0
1942485.0
2294453.0
2336461.0
2490198.0
3048814.0
1077986.0
1077999.0
1078006.0
1883541.0
1942485.0
2130427.0
2294453.0
2336461.0
2551564.0
2551723.0
1077986.0
1077999.0
1078006.0
1883541.0
1942485.0
2130427.0
2294453.0
2336461.0
2551564.0
2551723.0
1077986.0
1077999.0
1078006.0
1883541.0
1942485.0
2130427.0
2294453.0
2336461.0
2551564.0
2551723.0
1077986.0
1077999.0
1078006.0
1883541.0
1959878.0
2130427.0
2294453.0
2336461.0
2551564.0
2551723.0
1077986.0
1077999.0
1078006.0
1883541.0
1959878.0
2130427.0
2294453.0
2336461.0
2551564.0
2551723.0
1077986.0
1077999.0
1078006.0
1883541.0
1959878.0
2130427.0
2294453.0
2336461.0
2551564.0
2551723.0
1077986.0
1078006.0
1119127.0
1830694.0
1883541.0
1942485.0
2294453.0
2336461.0
2490198.0
3048814.0
1077986.0
1077999.0
1078006.0
1883541.0
1942485.0
2130427.0
2294453.0
2336461.0
2551564.0
2551723.0
1077986.0
1077999.0
1078006.0
1883541.0
1959878.0
2130427.0
2294453.0
2336461.0
2551564.0
2551723.0
1077986.0
1077999.0
1078006.0
1883541.0
1959878.0
2130427.0
2294453.0
2336461.0
2551564.0
2551723.0
1077986.0
1077999.0
1078006.0
1830694.0
1883541.0
1942485.0
2294453.0
2336461.0
2490198.0
3048814.0
1077986.0
1077999.0
1078006.0
1883541.0
1959878.0
2130427.0
2294453.0
2336461.0
2551564.0
2551723.0
1077986.0
1077999.0
1078006.0
1883541.0
1959878.0
2130427.0
2294453.0
2336461.0
2551564.0
2551723.0
1077986.0
1077999.0
1078006.0
1883541.0
1959878.0
2130427.0
2294453.0
2336461.0
2551564.0
2551723.0
1077986.0
1077999.0
1078006.0
1883541.0
1942485.0
2130427.0
2294453.0
2336461.0
2551564.0
2551723.0
1077986.0
1077999.0
1078006.0
1883541.0
1959878.0
2130427.0
2294453.0
2336461.0
2551564.0
2551723.0
1077986.0
1077999.0
1078006.0
1830694.0
1883541.0
1942485.0
2130427.0
2294453.0
2336461.0
3048814.0
1077986.0
1077999.0
1078006.0
1883541.0
1942485.0
2130427.0
2294453.0
2336461.0
2551564.0
2551723.0
1077986.0
1077999.0
1078006.0
1830694.0
1883541.0
1942485.0
2130427.0
2294453.0
2336461.0
2551564.0
1077986.0
1078006.0
1119127.0
1830694.0
1883541.0
1942485.0
2294453.0
2336461.0
2490198.0
3048814.0
1077986.0
1078006.0
1119127.0
1830694.0
1883541.0
1942485.0
2294453.0
2336461.0
2490198.0
3048814.0
1077986.0
1119127.0
1830694.0
1883541.0
1942485.0
2294453.0
2336461.0
2490198.0
2551564.0
3048814.0
1077986.0
1119127.0
1830694.0
1883541.0
1942485.0
2294453.0
2336461.0
2490198.0
2551564.0
3048814.0
1077986.0
1119127.0
1830694.0
1883541.0
1942485.0
2294453.0
2336461.0
2490198.0
2551564.0
3048814.0
1077986.0
1119127.0
1830694.0
1883541.0
1942485.0
2294453.0
2336461.0
2490198.0
2551564.0
3048814.0
1077986.0
1119127.0
1830694.0
1883541.0
1942485.0
2294453.0
2336461.0
2490198.0
2551564.0
3048814.0
1077986.0
1119127.0
1830694.0
1883541.0
1942485.0
2294453.0
2336461.0
2490198.0
2551564.0
3048814.0
1077986.0
1119127.0
1830694.0
1883541.0
1942485.0
2294453.0
2336461.0
2490198.0
2551564.0
3048814.0
1077986.0
1078006.0
1119127.0
1830694.0
1942485.0
2294453.0
2336461.0
2490198.0
3048814.0
3837188.0
1077986.0
1119127.0
1830694.0
1883541.0
1942485.0
2294453.0
2336461.0
2490198.0
3048814.0
3837188.0
1077986.0
1119127.0
1830694.0
1883541.0
1942485.0
2294453.0
2336461.0
2490198.0
2551564.0
3048814.0
1077986.0
1119127.0
1830694.0
1883541.0
1942485.0
2294453.0
2336461.0
2490198.0
2551564.0
3048814.0
1077986.0
1119127.0
1830694.0
1883541.0
1942485.0
2294453.0
2336461.0
2490198.0
2551564.0
3048814.0
1077986.0
1078006.0
1394346.0
1830694.0
1959878.0
2294453.0
2603082.0
3048814.0
3119890.0
3837188.0
1077986.0
1119127.0
1830694.0
1883541.0
1942485.0
2294453.0
2336461.0
2490198.0
2551564.0
3048814.0
1077986.0
1119127.0
1830694.0
1883541.0
1942485.0
2294453.0
2336461.0
2490198.0
2551564.0
3048814.0
1077986.0
1078006.0
1119127.0
1394346.0
1830694.0
1942485.0
2294453.0
2336461.0
3048814.0
3837188.0
1078006.0
1119127.0
1394346.0
2536710.0
2603082.0
2676877.0
2779607.0
3119890.0
3645271.0
3691448.0
1078006.0
1119127.0
1830694.0
2193256.0
2490198.0
2536710.0
2551659.0
2676791.0
2779607.0
3691448.0
1077986.0
1119127.0
1830694.0
1883541.0
1942485.0
2294453.0
2336461.0
2490198.0
2551564.0
3048814.0
1077986.0
1119127.0
1830694.0
1883541.0
1942485.0
2294453.0
2336461.0
2490198.0
2551564.0
3048814.0
1077986.0
1119127.0
1830694.0
1883541.0
1942485.0
2294453.0
2336461.0
2490198.0
2551564.0
3048814.0
1077986.0
1119127.0
1830694.0
1883541.0
1942485.0
2294453.0
2336461.0
2490198.0
2551564.0
3048814.0
1077986.0
1078006.0
1119127.0
1394346.0
1830694.0
1942485.0
2294453.0
2336461.0
3048814.0
3837188.0
1077986.0
1119127.0
1830694.0
1883541.0
1942485.0
2294453.0
2336461.0
2490198.0
2551564.0
3048814.0
1077986.0
1119127.0
1830694.0
1883541.0
1942485.0
2294453.0
2336461.0
2490198.0
3048814.0
3837188.0
1077986.0
1119127.0
1830694.0
1883541.0
1942485.0
2294453.0
2336461.0
2490198.0
2551564.0
3048814.0
1077986.0
1119127.0
1830694.0
1883541.0
1942485.0
2294453.0
2336461.0
2490198.0
2551564.0
3048814.0
1077986.0
1119127.0
1830694.0
1883541.0
1942485.0
2294453.0
2336461.0
2490198.0
2551564.0
3048814.0
